0.187249589703026
0.116967999283224
0.105458314996213
0.169307127027752
0.131917635351419
0.253590087770464
0.006247805972028
0.216872338478574
0.0213134336337624
0.164112567893209
0.242216932578924
0.0703687809407711
0.149688242181184
0.457945160170026
0.0796315440908074
0.00841142235248724
0.281765164418106
0.141600335061236
0.433436164819922
0.228468338019195
0.0329698449932039
0.0856932328082621
0.204238934433999
0.53596579392714
0.0346890694461763
0.0375473096480906
0.0158205600455403
0.202366638175192
0.078988406714052
0.0180039825849235
0.00858141509816051
0.0409246714785695
0.38892097136188
0.107744452636689
0.0579256004653871
0.0245385086039106
0.0042702017351985
0.132469426840544
0.335414794168612
0.114055887949271
0.195867795044655
0.123996149562299
0.205420906833353
0.0184820293331835
0.0249859869155208
0.00663769841194153
0.0158732982345125
0.266165774679723
0.413503349928146
0.0261321472004056
0.185770803867819
0.248309525466504
0.144787687427344
0.0694106444716454
0.0660914829000831
0.0483753890521028
0.0175045211799443
0.552169584830232
0.6226595878265
0.0293138924297195
0.0312382057591588
0.243619144513252
0.130750187765807
0.0791456232778728
0.0315273483601618
0.129241142049432
0.66211838420845
0.0858475374989212
0.235415167725625
0.00182992913960408
0.212271080530229
0.457955909122653
0.366033469496255
0.1103171300143
0.00240149323196663
0.121383257210255
0.00439871416065424
0.00789358876645565
0.0833740472162354
0.139237136571648
0.166760345882002
0.0124289746396244
0.0033801756799221
0.19136059224396
0.350541254488711
0.474155821998544
0.0663183818571269
0.12313866885379
0.345009531063919
0.178223917252364
0.394168339280372
0.346978338800778
0.173937924197855
0.0108097024261951
0.119729567039758
0.0455072600394487
0.212763885161852
0.141739916503242
0.228030824466589
0.316781661642676
